15 20  0  0 19  0 
13  9 12  9 12  9 12  9 12  9 12  9 12  9 12  9 12  9 12 13 
 5  5  5  5  5  5  5  5  5  5  5  5  5  5  5  5  5  5  5  5 
 5  5  5  5  5  5  5  5  5  5  5  5  5  5  5  5  5  5  5  5 
 5  5  5  5  5  5  5  5  5  5  5  5  5  5  5  5  5  5  5  5 
 5  5  5  5  5  5  5  5  5  5  5  5  5  5  5  5  5  5  5  5 
 5  5  5  5  5  5  5  5  5  5  5  5  5  5  5  5  5  5  5  5 
 5  5  5  5  5  5  5  5  5  5  5  5  5  5  5  5  5  5  5  5 
 5  5  5  5  5  5  5  5  5  5  5  5  5  5  5  5  5  5  5  5 
 5  5  5  5  5  5  5  5  5  5  5  5  5  5  5  5  5  5  5  5 
 5  5  5  5  5  5  5  5  5  5  5  5  5  5  5  5  5  5  5  5 
 5  5  5  5  5  5  5  5  5  5  5  5  5  5  5  5  5  5  5  5 
 5  5  5  5  5  5  5  5  5  5  5  5  5  5  5  5  5  5  5  5 
 5  5  5  5  5  5  5  5  5  5  5  5  5  5  5  5  5  5  5  5 
 5  5  5  5  5  5  5  5  5  5  5  5  5  5  5  5  5  5  5  5 
 3  6  3  6  3  6  3  6  3  6  3  6  3  6  3  6  3  6  3  6 
